,Date,Balance,DAU,Vol,Cate Rank,Total Rank,Txs
0,2019-09-02,0.0,27.0,0.90411672,23,68,34.0
1,2019-09-03,0.0,157.0,1.15,12,34,162.0
2,2019-09-04,2.65,267.0,0.6,8,27,283.0
3,2019-09-05,3.3,200.0,0.65,8,29,207.0
4,2019-09-06,3.4,265.0,0.1,5,26,272.0
5,2019-09-07,3.65,243.0,0.25,5,23,256.0
6,2019-09-08,4.35,226.0,0.7,6,24,238.0
7,2019-09-09,4.65,167.0,0.3,7,28,174.0
8,2019-09-10,4.65,73.0,0.0,8,30,74.0
9,2019-09-11,5.2,203.0,0.55,5,21,222.0
10,2019-09-12,5.85,273.0,0.65,4,19,287.0
11,2019-09-13,5.85,212.0,0.0,5,22,213.0
12,2019-09-14,6.5,214.0,0.65,4,23,223.0
13,2019-09-15,6.75,211.0,0.25,6,27,221.0
14,2019-09-16,6.9,283.0,0.15,4,19,304.0
15,2019-09-17,7.0,294.0,0.1,3,20,298.0
16,2019-09-18,7.2,299.0,0.2,5,22,304.0
17,2019-09-19,7.25,121.0,0.05,7,31,134.0
18,2019-09-20,7.3,219.0,0.05,5,25,234.0
19,2019-09-21,7.4,207.0,0.1,7,26,210.0
20,2019-09-22,7.6,219.0,0.2,7,23,226.0
21,2019-09-23,7.9,224.0,0.3,7,25,229.0
22,2019-09-24,8.1,225.0,0.2,4,20,234.0
23,2019-09-25,8.25,237.0,0.15,4,20,243.0
24,2019-09-26,8.65,235.0,0.4,5,24,244.0
25,2019-09-27,8.8,230.0,0.15,6,22,234.0
26,2019-09-28,9.0,231.0,0.2,7,26,239.0
27,2019-09-29,9.0,241.0,0.0,6,26,242.0
28,2019-09-30,9.1,233.0,0.1,7,27,236.0
29,2019-10-01,9.5,244.0,0.4,8,30,251.0
30,2019-10-02,9.75,258.0,0.25532752,6,27,271.0
31,2019-10-03,9.9,242.0,0.15339024,7,25,253.0
32,2019-10-04,10.25,254.0,0.35169512,7,25,262.0
33,2019-10-05,10.4,241.0,0.15508536,8,26,250.0
34,2019-10-06,10.62,250.0,0.20266376,6,23,258.0
35,2019-10-07,10.77,253.0,0.15217944,6,25,261.0
36,2019-10-08,10.77,254.0,0.00169512,7,25,259.0
37,2019-10-09,10.82,241.0,0.05145296,7,26,250.0
38,2019-10-10,10.92,211.0,0.10072648,7,28,214.0
39,2019-10-11,11.02,242.0,0.10193728,7,26,252.0
40,2019-10-12,11.18,255.0,0.15145296,7,23,262.0
41,2019-10-13,11.63,255.0,0.45774912,7,21,272.0
42,2019-10-14,12.19,245.0,0.55582184,8,24,267.0
43,2019-10-15,12.65,281.0,0.45581184,7,24,297.0
44,2019-10-16,13.8,269.0,1.15871776,8,25,294.0
45,2019-10-17,14.86,286.0,1.05387456,7,24,304.0
46,2019-10-18,15.26,277.0,0.40217944,8,24,290.0
47,2019-10-19,15.36,270.0,0.10193728,8,21,278.0
48,2019-10-20,15.57,271.0,0.206054,7,21,285.0
49,2019-10-21,15.95,245.0,0.38185008,8,25,261.0
50,2019-10-22,16.51,198.0,0.56017072,10,28,214.0
51,2019-10-23,16.66,261.0,0.15435888,8,24,271.0
52,2019-10-24,17.62,292.0,0.96041288,8,22,309.0
53,2019-10-25,17.93,277.0,0.30217944,9,27,289.0
54,2019-10-26,18.19,272.0,0.25992856,8,23,283.0
55,2019-10-27,18.79,298.0,0.60556968,8,20,314.0
56,2019-10-28,18.99,290.0,0.2012108,7,23,299.0
57,2019-10-29,19.05,303.0,0.05460104,7,22,310.0
58,2019-10-30,19.35,278.0,0.30387456,7,23,292.0
59,2019-10-31,19.56,268.0,0.20750696,8,27,284.0
60,2019-11-01,19.71,258.0,0.15048432,8,26,263.0
61,2019-11-02,19.82,269.0,0.10629616,8,20,277.0
62,2019-11-03,20.48,258.0,0.66501392,8,19,272.0
63,2019-11-04,20.69,268.0,0.20532752,7,23,282.0
64,2019-11-05,21.1,276.0,0.41138152,7,22,296.0
65,2019-11-06,21.25,263.0,0.15387456,7,25,272.0
66,2019-11-07,21.4,268.0,0.15096864,7,22,274.0
67,2019-11-08,21.69,269.0,0.28372264,7,26,284.0
68,2019-11-09,22.77,265.0,1.07930592,7,20,282.0
69,2019-11-10,23.16,265.0,0.39398048,7,21,283.0
70,2019-11-11,23.21,277.0,0.04502648,7,19,283.0
71,2019-11-12,23.48,270.0,0.27856864,7,24,283.0
72,2019-11-13,24.03,262.0,0.54717944,7,24,278.0
73,2019-11-14,24.28,274.0,0.24611672,7,24,292.0
74,2019-11-15,24.54,267.0,0.26678432,7,24,286.0
75,2019-11-16,24.84,263.0,0.29317944,7,20,280.0
76,2019-11-17,25.1,269.0,0.26592648,7,22,276.0
77,2019-11-18,25.49,277.0,0.3888324,7,25,288.0
78,2019-11-19,25.66,269.0,0.1671216,7,28,280.0
79,2019-11-20,25.67,249.0,0.01515888,7,26,256.0
80,2019-11-21,25.97,270.0,0.2935216,8,27,289.0
81,2019-11-22,26.08,253.0,0.11689512,9,32,258.0
82,2019-11-23,26.33,237.0,0.24385296,8,31,243.0
83,2019-11-24,26.4,240.0,0.07106864,9,31,253.0
84,2019-11-25,26.88,220.0,0.481754,9,32,243.0
85,2019-11-26,27.33,237.0,0.44675296,9,31,254.0
86,2019-11-27,27.8,270.0,0.47672648,9,28,284.0
87,2019-11-28,28.0,263.0,0.19834744,9,28,273.0
88,2019-11-29,28.59,271.0,0.58638344,9,28,304.0
89,2019-11-30,28.9,286.0,0.3060432,9,24,304.0
90,2019-12-01,29.2,254.0,0.30944216,9,27,261.0
91,2019-12-02,29.39,259.0,0.18918048,9,30,271.0
92,2019-12-03,29.98,270.0,0.58970592,8,26,297.0
93,2019-12-04,30.09,258.0,0.10536864,9,30,271.0
94,2019-12-05,30.28,233.0,0.19328568,9,31,240.0
95,2019-12-06,30.51,247.0,0.22337944,9,28,255.0
96,2019-12-07,31.25,234.0,0.74289512,9,29,249.0
97,2019-12-08,32.5,260.0,1.25146352,8,25,277.0
98,2019-12-09,32.61,260.0,0.11271872,10,30,270.0
99,2019-12-10,32.74,259.0,0.12485104,9,31,268.0
100,2019-12-11,32.93,261.0,0.19485936,9,28,275.0
101,2019-12-12,33.31,256.0,0.37757864,10,28,267.0
102,2019-12-13,33.43,239.0,0.11734008,10,32,247.0
103,2019-12-14,33.9,253.0,0.47266352,9,25,272.0
104,2019-12-15,34.27,242.0,0.37331176,9,25,270.0
105,2019-12-16,34.75,237.0,0.4722104,9,28,254.0
106,2019-12-17,35.25,240.0,0.50085312,9,30,272.0
107,2019-12-18,35.84,242.0,0.58915716,9,31,281.0
108,2019-12-19,36.44,248.0,0.600738,9,30,292.0
109,2019-12-20,36.61,261.0,0.1733276,9,30,279.0
110,2019-12-21,36.95,242.0,0.34363176,10,29,264.0
111,2019-12-22,37.11,236.0,0.15488072,9,26,254.0
112,2019-12-23,37.72,262.0,0.61231248,9,26,282.0
113,2019-12-24,38.32,267.0,0.59910832,9,25,294.0
114,2019-12-25,38.35,253.0,0.0762552,10,26,259.0
115,2019-12-26,38.72,251.0,0.32008072,9,26,268.0
116,2019-12-27,39.85,262.0,1.13377796,9,25,292.0
117,2019-12-28,40.24,253.0,0.3941828,9,24,271.0
118,2019-12-29,40.43,239.0,0.18788488,10,26,255.0
119,2019-12-30,41.01,233.0,0.57911456,9,28,263.0
120,2019-12-31,41.21,238.0,0.19891028,8,25,262.0
121,2020-01-01,41.73,237.0,0.51998488,9,27,258.0
122,2020-01-02,42.0,232.0,0.27221664,9,28,257.0
123,2020-01-03,42.34,246.0,0.33765936,9,28,269.0
124,2020-01-04,42.5,247.0,0.15593592,9,25,271.0
125,2020-01-05,42.6,152.0,0.1045104,10,34,166.0
126,2020-01-06,42.78,162.0,0.1438552,11,34,175.0
127,2020-01-07,43.05,156.0,0.27252496,12,38,176.0
128,2020-01-08,43.4,169.0,0.34882968,10,33,178.0
129,2020-01-09,43.57,211.0,0.16815312,9,31,221.0
130,2020-01-10,43.85,214.0,0.28051456,9,32,245.0
131,2020-01-11,44.05,206.0,0.21706352,9,31,233.0
132,2020-01-12,44.41,218.0,0.3492416,9,27,251.0
